Loaded MAT rows=395, POR rows=649
== Math correlations ==
          absences        G1        G2        G3
absences  1.000000 -0.020177 -0.023204  0.068030
G1       -0.020177  1.000000  0.852118  0.801468
G2       -0.023204  0.852118  1.000000  0.904868
G3        0.068030  0.801468  0.904868  1.000000

== Portuguese correlations ==
          absences        G1        G2        G3
absences  1.000000 -0.163181 -0.135423 -0.098657
G1       -0.163181  1.000000  0.864982  0.826387
G2       -0.135423  0.864982  1.000000  0.918548
G3       -0.098657  0.826387  0.918548  1.000000

Math trendline: y = 0.0547x + 10.1313
Portuguese trendline: y = -0.0780x + 12.1798